71.33333333333333
53.666666666666664
48.0
71.33333333333333
60.333333333333336
84.66666666666667
53.333333333333336
46.666666666666664
49.333333333333336
63.333333333333336
44.666666666666664
61.0
64.0
60.0
46.0
71.0
58.666666666666664
64.0
69.0
65.0
67.66666666666667
64.66666666666667
74.66666666666667
47.666666666666664
64.66666666666667
42.666666666666664
55.666666666666664
59.333333333333336
57.0
67.33333333333333
72.66666666666667
52.666666666666664
61.333333333333336
57.333333333333336
45.333333333333336
47.0
66.0
66.0
72.66666666666667
73.33333333333333
85.33333333333333
53.333333333333336
56.333333333333336
80.33333333333333
60.333333333333336
56.666666666666664
65.0
70.33333333333333
72.66666666666667
75.66666666666667
43.0
76.0
47.0
72.33333333333333
75.33333333333333
63.666666666666664
65.0
73.33333333333333
42.0
60.333333333333336
72.66666666666667
56.666666666666664
67.66666666666667
59.333333333333336
38.666666666666664
52.333333333333336
59.666666666666664
57.0
54.666666666666664
31.333333333333332
45.0
66.0
67.0
67.33333333333333
58.666666666666664
41.333333333333336
62.333333333333336
70.0
76.33333333333333
72.33333333333333
70.33333333333333
51.333333333333336
71.66666666666667
55.0
63.0
77.66666666666667
65.66666666666667
66.66666666666667
65.0
40.0
67.0
60.333333333333336
56.666666666666664
50.333333333333336
58.666666666666664
63.333333333333336
73.33333333333333
61.333333333333336
83.33333333333333
55.0
64.33333333333333
82.0
67.66666666666667
61.666666666666664
75.0
82.33333333333333
40.666666666666664
69.33333333333333
53.0
53.666666666666664
66.33333333333333
76.66666666666667
38.666666666666664
50.333333333333336
60.333333333333336
71.0
46.666666666666664
51.666666666666664
46.0
47.0
72.66666666666667
53.0
81.0
56.0
48.333333333333336
70.66666666666667
55.0
64.33333333333333
55.666666666666664
55.666666666666664
62.0
68.66666666666667
58.0
61.666666666666664
77.66666666666667
69.33333333333333
85.0
67.66666666666667
49.333333333333336
38.0
60.333333333333336
34.333333333333336
73.33333333333333
69.0
85.33333333333333
72.0
52.666666666666664
78.0
55.333333333333336
49.0
42.333333333333336
30.0
42.666666666666664
54.0
49.333333333333336
64.33333333333333
80.66666666666667
65.33333333333333
52.0
80.33333333333333
59.333333333333336
59.666666666666664
69.0
69.0
67.0
75.33333333333333
60.666666666666664
47.666666666666664
73.33333333333333
74.33333333333333
69.33333333333333
80.33333333333333
63.666666666666664
59.333333333333336
40.333333333333336
70.66666666666667
66.33333333333333
59.740112994350284 63.57627118644068 61.3728813559322 